--[ Apexical By idk ]--
if game.Players.LocalPlayer.Character.Name ~= "Dark_Eccentric" then
	game.Players.LocalPlayer:LoadCharacter()
end
---------------------------------------------
local runServ = game:GetService("RunService").RenderStepped

local HBill = Instance.new("BillboardGui",game.Players.LocalPlayer.Character.Head)
local HMain, HBarBack, HBar = Instance.new("Frame", HBill), Instance.new("Frame"), Instance.new("Frame")
local HHealth, HName = Instance.new("TextLabel", HBarBack), Instance.new("TextLabel")
HBill.Size = UDim2.new(15,0,2.2,0)
HBill.Name = "Health Display"
HBill.StudsOffset = Vector3.new(0,4,0)
HBill.AlwaysOnTop = true
HBill.Enabled = true
HMain.BackgroundColor3 = Color3.new(0, 0, 0)
HMain.BackgroundTransparency = 1
HMain.Size = UDim2.new(1,0,1,0)
HBarBack.Parent = HMain
HBarBack.BackgroundColor3 = Color3.new(0,0,0)
HBarBack.BorderColor3 = Color3.new(0,0,0)
HBarBack.BorderSizePixel = 2
HBarBack.Position = UDim2.new(.025, 0, .55, 0)
HBarBack.Size = UDim2.new(.95, 0, .3, 0)
HBar.Parent = HBarBack
HBar.BackgroundColor3 = Color3.new(0, 1, 0)
HBar.BorderColor3 = Color3.new(0,0,0)
HBar.Size = UDim2.new(.5,0,1,0)
HHealth.BackgroundTransparency = 1
HHealth.Size = UDim2.new(1,0,1,0)
HHealth.Font = "SciFi"
HHealth.Text = " "
HHealth.TextScaled = true
HHealth.TextColor3 = Color3.new(255,0,0)
HHealth.TextStrokeColor3 = Color3.new(0,0,0)
HHealth.TextStrokeTransparency = 0
HName.Parent = HMain
HName.BackgroundTransparency = 1
HName.Size = UDim2.new(1,0,.5,0)
HName.Font = "SciFi"
HName.Text = "Apexical, The Guardian Of Void"
HName.TextScaled = true
HName.TextColor3 = BrickColor.new("Alder").Color
HName.TextStrokeColor3 = Color3.new(0,0,0)
HName.TextStrokeTransparency = 0
HName.TextYAlignment = "Top"

runServ:connect(function()
	HHealth.Text = "["..math.floor(game.Players.LocalPlayer.Character.Humanoid.Health).."]"
	HBar:TweenSize(UDim2.new((game.Players.LocalPlayer.Character.Humanoid.Health/game.Players.LocalPlayer.Character.Humanoid.MaxHealth),0,1,0), _, "Linear", .4)
end)
------------------------------------
Color = "Lily white"
TorsoColor = BrickColor.new("Royal purple")
local char = game.Players.LocalPlayer.Character
local torso = char.Torso
local hum = char.Humanoid
local hed = char.Head
local root = char.HumanoidRootPart
--------------------------------
newWeld = function(wp0, wp1, wc0x, wc0y, wc0z)
	local wld = Instance.new("Weld", wp1)
	wld.Part0 = wp0
	wld.Part1 = wp1
	wld.C0 = CFrame.new(wc0x, wc0y, wc0z)
end
------------------------
function sound(id,vol,pitc)
	local s = Instance.new("Sound",char)
	s.Volume = vol
	s.SoundId = id
	s.Pitch = pitc
	s.Looped = true
	s:Play()
end
wait(.1)
sound("rbxassetid://469876597",10,1)
hed.face:Destroy()
----------------------------
pr = Instance.new("Part",hed)
pr.BrickColor = BrickColor.new("Really black")
pr.Material = "Neon"
pr.Reflectance = 0
pr.Anchored = false
pr.CanCollide = false
pr.Archivable = false
pr.Locked = true
pr.Size = Vector3.new(2,0.8,1)
prm = Instance.new("SpecialMesh",pr)
prm.MeshType = "FileMesh"
prm.MeshId = "rbxassetid://16952952"
prm.Scale = Vector3.new(1,1,1)
newWeld(hed, pr, 0, 0.35, 0)
pr.Weld.C1 = CFrame.new(0,0,0)
--------------------------
local acos = math.acos
local sqrt = math.sqrt
local Vec3 = Vector3.new
local fromAxisAngle = CFrame.fromAxisAngle

local function toAxisAngle(CFr)
        local X,Y,Z,R00,R01,R02,R10,R11,R12,R20,R21,R22 = CFr:components()
        local Angle = math.acos((R00+R11+R22-1)/2)
        local A = (R21-R12)^2+(R02-R20)^2+(R10-R01)^2
        A = A == 0 and 0.00001 or A
        local B = (R21-R12)^2+(R02-R20)^2+(R10-R01)^2
        B = B == 0 and 0.00001 or B
        local C = (R21-R12)^2+(R02-R20)^2+(R10-R01)^2
        C = C == 0 and 0.00001 or C
        local x = (R21-R12)/sqrt(A)
        local y = (R02-R20)/sqrt(B)
        local z = (R10-R01)/sqrt(C)
        return Vec3(x,y,z),Angle
end
function LerpCFrame(CFrame1,CFrame2,Num)
        local Vec,Ang = toAxisAngle(CFrame1:inverse()*CFrame2)
        return CFrame1*fromAxisAngle(Vec,Ang*Num) + (CFrame2.p-CFrame1.p)*Num
end
function ApplyTrig(Num,Func)
        local Min,Max = Func(0),Func(1)
        local i = Func(Num)
        return (i-Min)/(Max-Min)
        --[[if Func == "sin" then
                return (math.sin((1-Num)*math.pi)+1)/2
        elseif Func == "cos" then
                return (math.cos((1-Num)*math.pi)+1)/2
        end]]
end
function Crater(Torso,Radius)
        Spawn(function()
        local Ray = Ray.new(Torso.Position,Vector3.new(0,-1,0)*10)
        local Ignore = {}
        for i,v in pairs(game:GetService("Players"):GetPlayers()) do
                if v.Character ~= nil then
                        Ignore[#Ignore+1] = v.Character
                end
        end
        local Hit,Pos,SurfaceNorm = Workspace:FindPartOnRayWithIgnoreList(Ray,Ignore)
        if Hit == nil then return end
        local Parts = {}
        for i = 1,360,10 do
                local P = Instance.new("Part",game.Workspace)
                P.Anchored = true
                P.FormFactor = "Custom"
                P.BrickColor = BrickColor.new("Really black")
                P.Material = "Neon"
                P.CanCollide = false
                P.TopSurface = "Smooth"
                P.BottomSurface = "Smooth"
                local Mesh = Instance.new("SpecialMesh",P)
                Mesh.MeshType = "Wedge"
				Mesh.Scale = Vector3.new(3,3,3)
                P.Size = Vector3.new(math.random(1,6),math.random(1,6),math.random(1,6))
                P.CFrame = ((CFrame.new(Pos,Pos*SurfaceNorm)*CFrame.Angles(math.rad(90),0,0))-Vector3.new(0,15,0))*CFrame.Angles(math.rad(math.random(-50,50)),math.rad(math.random(-50,50)),math.rad(math.random(-50,50)))
                Parts[#Parts+1] = {P,P.CFrame,((CFrame.new(Pos,Pos+SurfaceNorm)*CFrame.Angles(math.rad(90),0,0))-Vector3.new(0,1,0))*CFrame.Angles(0,math.rad(i),0)*CFrame.new(0,0,-Radius)*CFrame.Angles(math.rad(math.random(-50,-20)),math.rad(math.random(-15,15)),math.rad(math.random(-15,15))),P.Size}
                if math.random(0,5) == 0 then -- rubble
                        local P = Instance.new("Part",game.Workspace)
                        P.Anchored = true
                        P.FormFactor = "Custom"
                        P.BrickColor = BrickColor.new("Really black")
                        P.Material = "Neon"
                        P.CanCollide = false
                        P.TopSurface = "Smooth"
                        P.BottomSurface = "Smooth"
                        local Mesh = Instance.new("SpecialMesh",P)
                        Mesh.MeshType = "Wedge"
						Mesh.Scale = Vector3.new(3,3,3)
                        P.Size = Vector3.new(math.random(1,6),math.random(1,6),math.random(1,6))
                        P.CFrame = ((CFrame.new(Pos,Pos+SurfaceNorm)*CFrame.Angles(math.rad(90),0,0))-Vector3.new(0,15,math.random(10,20)))*CFrame.Angles(math.rad(math.random(-50,50)),math.rad(math.random(-50,50)),math.rad(math.random(-50,50)))
                        Parts[#Parts+1] = {P,P.CFrame,(CFrame.new(Pos,Pos+SurfaceNorm)*CFrame.Angles(math.rad(90),0,0))*CFrame.Angles(0,math.rad(i),0)*CFrame.new(0,0,-Radius-8)*CFrame.Angles(math.rad(math.random(-90,90)),math.rad(math.random(-90,90)),math.rad(math.random(-90,90))),P.Size}
                end
        end
        for i = 0,1,0.05 do
                for i2,v in pairs(Parts) do
                        v[1].CFrame = LerpCFrame(v[2],v[3],ApplyTrig(i,math.cos))
                end
                wait(0.02)
        end
        for i,v in pairs(Parts) do
                if v[1].Size.X > 2.1 then
                        v[1].CFrame = v[1].CFrame+Vector3.new(0,5,0)
                end
                v[1].Anchored = false
        end
        for i = 0,1,0.05 do
                for i2,v in pairs(Parts) do
                        v[1].Transparency = i
                        if i == 1 then
                                v[1]:Destroy()
                        elseif i >= 0.25 then
                                v[1].CanCollide = false
                        end
                end
                wait(0.02)
        end
        Parts = nil
        end)
end
-------------------------------
local runDummyScript = function(f,scri)
local oldenv = getfenv(f)
local newenv = setmetatable({}, {
__index = function(_, k)
if k:lower() == 'script' then
return scri
else
return oldenv[k]
end
end
})
setfenv(f, newenv)
ypcall(function() f() end)
end
cors = {}
mas = Instance.new("Model",game:GetService("Lighting")) 
mas.Name = "CompiledModel"
o1 = Instance.new("Model")
o2 = Instance.new("Part")
o3 = Instance.new("SpecialMesh")
o4 = Instance.new("Weld")
o5 = Instance.new("Part")
o6 = Instance.new("SpecialMesh")
o7 = Instance.new("Weld")
o8 = Instance.new("Part")
o9 = Instance.new("SpecialMesh")
o10 = Instance.new("Weld")
o11 = Instance.new("Part")
o12 = Instance.new("SpecialMesh")
o13 = Instance.new("Weld")
o14 = Instance.new("Part")
o15 = Instance.new("SpecialMesh")
o16 = Instance.new("Weld")
o17 = Instance.new("Part")
o18 = Instance.new("SpecialMesh")
o19 = Instance.new("Weld")
o20 = Instance.new("Part")
o21 = Instance.new("SpecialMesh")
o22 = Instance.new("Weld")
o23 = Instance.new("Part")
o24 = Instance.new("SpecialMesh")
o25 = Instance.new("Weld")
o26 = Instance.new("Part")
o27 = Instance.new("SpecialMesh")
o28 = Instance.new("Weld")
o29 = Instance.new("Part")
o30 = Instance.new("SpecialMesh")
o31 = Instance.new("Weld")
o32 = Instance.new("Part")
o33 = Instance.new("SpecialMesh")
o34 = Instance.new("Weld")
o35 = Instance.new("Part")
o36 = Instance.new("SpecialMesh")
o37 = Instance.new("Weld")
o38 = Instance.new("Part")
o39 = Instance.new("SpecialMesh")
o40 = Instance.new("Weld")
o41 = Instance.new("Part")
o42 = Instance.new("SpecialMesh")
o43 = Instance.new("Weld")
o44 = Instance.new("Part")
o45 = Instance.new("SpecialMesh")
o46 = Instance.new("Weld")
o47 = Instance.new("Part")
o48 = Instance.new("SpecialMesh")
o49 = Instance.new("Weld")
o50 = Instance.new("Part")
o51 = Instance.new("SpecialMesh")
o52 = Instance.new("Weld")
o53 = Instance.new("Part")
o54 = Instance.new("SpecialMesh")
o55 = Instance.new("Weld")
o56 = Instance.new("Part")
o57 = Instance.new("SpecialMesh")
o58 = Instance.new("Weld")
o59 = Instance.new("Part")
o60 = Instance.new("SpecialMesh")
o61 = Instance.new("Weld")
o62 = Instance.new("Part")
o63 = Instance.new("SpecialMesh")
o64 = Instance.new("Part")
o65 = Instance.new("SpecialMesh")
o66 = Instance.new("Weld")
o67 = Instance.new("Part")
o68 = Instance.new("SpecialMesh")
o69 = Instance.new("Weld")
o70 = Instance.new("Part")
o71 = Instance.new("SpecialMesh")
o72 = Instance.new("Weld")
o73 = Instance.new("Part")
o74 = Instance.new("SpecialMesh")
o75 = Instance.new("Weld")
o76 = Instance.new("Part")
o77 = Instance.new("SpecialMesh")
o78 = Instance.new("Weld")
o79 = Instance.new("Part")
o80 = Instance.new("SpecialMesh")
o81 = Instance.new("Weld")
o82 = Instance.new("Part")
o83 = Instance.new("SpecialMesh")
o84 = Instance.new("Weld")
o85 = Instance.new("Part")
o86 = Instance.new("SpecialMesh")
o87 = Instance.new("Weld")
o88 = Instance.new("Part")
o89 = Instance.new("SpecialMesh")
o90 = Instance.new("Weld")
o91 = Instance.new("Part")
o92 = Instance.new("SpecialMesh")
o93 = Instance.new("Weld")
o94 = Instance.new("Part")
o95 = Instance.new("SpecialMesh")
o96 = Instance.new("Weld")
o97 = Instance.new("Part")
o98 = Instance.new("SpecialMesh")
o99 = Instance.new("Part")
o100 = Instance.new("SpecialMesh")
o101 = Instance.new("Weld")
o102 = Instance.new("Part")
o103 = Instance.new("SpecialMesh")
o104 = Instance.new("Weld")
o105 = Instance.new("Part")
o106 = Instance.new("SpecialMesh")
o107 = Instance.new("Weld")
o108 = Instance.new("Part")
o109 = Instance.new("SpecialMesh")
o110 = Instance.new("Weld")
o111 = Instance.new("Part")
o112 = Instance.new("SpecialMesh")
o113 = Instance.new("Weld")
o114 = Instance.new("Part")
o115 = Instance.new("SpecialMesh")
o116 = Instance.new("Weld")
o117 = Instance.new("Part")
o118 = Instance.new("SpecialMesh")
o119 = Instance.new("Weld")
o120 = Instance.new("Part")
o121 = Instance.new("SpecialMesh")
o122 = Instance.new("Weld")
o123 = Instance.new("Part")
o124 = Instance.new("SpecialMesh")
o125 = Instance.new("Weld")
o126 = Instance.new("Part")
o127 = Instance.new("SpecialMesh")
o128 = Instance.new("Weld")
o129 = Instance.new("Part")
o130 = Instance.new("SpecialMesh")
o131 = Instance.new("Weld")
o132 = Instance.new("Part")
o133 = Instance.new("SpecialMesh")
o134 = Instance.new("Weld")
o135 = Instance.new("Part")
o136 = Instance.new("SpecialMesh")
o137 = Instance.new("Weld")
o1.Parent = mas
o2.Parent = o1
o2.Material = Enum.Material.SmoothPlastic
o2.BrickColor = BrickColor.new("Really black")
o2.Position = Vector3.new(-23.8434238, 42.6453896, 50.8714409)
o2.Rotation = Vector3.new(89.0033264, -64.9995728, -89.9969177)
o2.Size = Vector3.new(0.200000003, 0.200000003, 0.200000003)
o2.CFrame = CFrame.new(-23.8434238, 42.6453896, 50.8714409, 2.27545897e-005, 0.422625184, -0.906304598, -0.0174431819, -0.906166553, -0.422561228, -0.999847889, 0.0158184618, 0.0073513058)
o2.BackSurface = Enum.SurfaceType.SmoothNoOutlines
o2.BottomSurface = Enum.SurfaceType.SmoothNoOutlines
o2.FrontSurface = Enum.SurfaceType.SmoothNoOutlines
o2.LeftSurface = Enum.SurfaceType.SmoothNoOutlines
o2.RightSurface = Enum.SurfaceType.SmoothNoOutlines
o2.TopSurface = Enum.SurfaceType.SmoothNoOutlines
o2.Color = Color3.new(0.0666667, 0.0666667, 0.0666667)
o2.Position = Vector3.new(-23.8434238, 42.6453896, 50.8714409)
o3.Parent = o2
o3.Scale = Vector3.new(0.75, 1, 0.25)
o3.MeshType = Enum.MeshType.Brick
o4.Name = "Joint"
o4.Parent = o2
o4.C0 = CFrame.new(0.000146865845, 0.811145782, -0.261581421, -1, 2.27545897e-005, 5.18262386e-005, -3.734231e-005, 0.422625184, -0.906304538, -4.2527914e-005, -0.906304598, -0.422625154)
o4.Part0 = o2
o4.Part1 = o62
o5.Parent = o1
o5.Material = Enum.Material.SmoothPlastic
o5.BrickColor = BrickColor.new("Really black")
o5.Position = Vector3.new(-23.2634468, 42.3434563, 50.1944122)
o5.Rotation = Vector3.new(168.997009, 90, 0)
o5.Size = Vector3.new(0.200000003, 0.5, 0.5)
o5.CFrame = CFrame.new(-23.2634468, 42.3434563, 50.1944122, 2.82172223e-005, -7.08219522e-006, 1, 0.190860167, -0.981617212, -1.23375485e-005, 0.981617212, 0.190860167, -2.63468046e-005)
o5.BackSurface = Enum.SurfaceType.SmoothNoOutlines
o5.BottomSurface = Enum.SurfaceType.SmoothNoOutlines
o5.FrontSurface = Enum.SurfaceType.SmoothNoOutlines
o5.LeftSurface = Enum.SurfaceType.SmoothNoOutlines
o5.RightSurface = Enum.SurfaceType.SmoothNoOutlines
o5.TopSurface = Enum.SurfaceType.SmoothNoOutlines
o5.Color = Color3.new(0.0666667, 0.0666667, 0.0666667)
o5.Position = Vector3.new(-23.2634468, 42.3434563, 50.1944122)
o6.Parent = o5
o6.Scale = Vector3.new(1.01999998, 1.01999998, 1.04999995)
o6.MeshType = Enum.MeshType.Brick
o7.Name = "Joint"
o7.Parent = o5
o7.C0 = CFrame.new(0.613582611, 0.447910309, -0.000107645988, 0.984806061, 2.82172223e-005, 0.173657551, 0.173657551, -7.08219522e-006, -0.984806061, -2.65586168e-005, 1, -1.1874723e-005)
o7.Part0 = o5
o7.Part1 = o62
o8.Parent = o1
o8.Material = Enum.Material.SmoothPlastic
o8.BrickColor = BrickColor.new("Really black")
o8.Position = Vector3.new(-23.2634945, 41.4457779, 50.8923683)
o8.Rotation = Vector3.new(178.998108, -90, 0)
o8.Size = Vector3.new(1, 0.200000003, 1)
o8.CFrame = CFrame.new(-23.2634945, 41.4457779, 50.8923683, -3.25203e-005, 7.78468529e-005, -1, -0.0174852572, -0.999847174, -7.72663261e-005, -0.999847174, 0.0174852572, 3.38765021e-005)
o8.BackSurface = Enum.SurfaceType.SmoothNoOutlines
o8.BottomSurface = Enum.SurfaceType.SmoothNoOutlines
o8.FrontSurface = Enum.SurfaceType.SmoothNoOutlines
o8.LeftSurface = Enum.SurfaceType.SmoothNoOutlines
o8.RightSurface = Enum.SurfaceType.SmoothNoOutlines
o8.TopSurface = Enum.SurfaceType.SmoothNoOutlines
o8.Color = Color3.new(0.0666667, 0.0666667, 0.0666667)
o8.Position = Vector3.new(-23.2634945, 41.4457779, 50.8923683)
o9.Parent = o8
o9.Scale = Vector3.new(1.01999998, 1.01999998, 1.01999998)
o9.MeshType = Enum.MeshType.Brick
o10.Name = "Joint"
o10.Parent = o8
o10.C0 = CFrame.new(0.000106811523, -0.575202942, 1.43051147e-006, -1, -3.25203e-005, 9.74535942e-006, -9.74535942e-006, 7.78468529e-005, -1, 3.25195433e-005, -1, -7.78471658e-005)
o10.Part0 = o8
o10.Part1 = o62
o11.Parent = o1
o11.Material = Enum.Material.SmoothPlastic
o11.BrickColor = BrickColor.new("Really black")
o11.Position = Vector3.new(-23.7136192, 42.4930992, 50.7488251)
o11.Rotation = Vector3.new(159.001205, -90, 0)
o11.Size = Vector3.new(0.200000003, 0.350000024, 0.200000003)
o11.CFrame = CFrame.new(-23.7136192, 42.4930992, 50.7488251, -2.35131483e-005, -1.07937717e-006, -1, -0.35834837, -0.933588028, 9.43359282e-006, -0.933588028, 0.35834837, 2.15647997e-005)
o11.BackSurface = Enum.SurfaceType.SmoothNoOutlines
o11.BottomSurface = Enum.SurfaceType.SmoothNoOutlines
o11.FrontSurface = Enum.SurfaceType.SmoothNoOutlines
o11.LeftSurface = Enum.SurfaceType.SmoothNoOutlines
o11.RightSurface = Enum.SurfaceType.SmoothNoOutlines
o11.TopSurface = Enum.SurfaceType.SmoothNoOutlines
o11.Color = Color3.new(0.0666667, 0.0666667, 0.0666667)
o11.Position = Vector3.new(-23.7136192, 42.4930992, 50.7488251)
o12.Parent = o11
o12.Scale = Vector3.new(0.5, 1.01999998, 1.01999998)
o12.MeshType = Enum.MeshType.Brick
o13.Name = "Joint"
o13.Parent = o11
o13.C0 = CFrame.new(0.0446853638, 0.488643646, -0.450080663, -0.939714372, -2.35131483e-005, -0.3419604, 0.3419604, -1.07937717e-006, -0.939714372, 2.17265406e-005, -1, 9.05487195e-006)
o13.Part0 = o11
o13.Part1 = o62
o14.Parent = o1
o14.Material = Enum.Material.Neon
o14.BrickColor = BrickColor.new(Color)
o14.Position = Vector3.new(-23.2635403, 42.4654274, 50.5745277)
o14.Rotation = Vector3.new(149.003174, -90, 0)
o14.Size = Vector3.new(0.5, 0.200000003, 1)
o14.CFrame = CFrame.new(-23.2635403, 42.4654274, 50.5745277, -9.58364308e-006, 1.12137068e-005, -1, -0.514990509, -0.857195854, -4.6768555e-006, -0.857195854, 0.514990509, 1.3990013e-005)
o14.BackSurface = Enum.SurfaceType.SmoothNoOutlines
o14.BottomSurface = Enum.SurfaceType.SmoothNoOutlines
o14.FrontSurface = Enum.SurfaceType.SmoothNoOutlines
o14.LeftSurface = Enum.SurfaceType.SmoothNoOutlines
o14.RightSurface = Enum.SurfaceType.SmoothNoOutlines
o14.TopSurface = Enum.SurfaceType.SmoothNoOutlines
o14.Color = Color3.new(0.239216, 0.0823529, 0.521569)
o14.Position = Vector3.new(-23.2635403, 42.4654274, 50.5745277)
o15.Parent = o14
o15.Scale = Vector3.new(1.03999996, 0.5, 1.03999996)
o15.MeshType = Enum.MeshType.Brick
o16.Name = "Joint"
o16.Parent = o14
o16.C0 = CFrame.new(-0.0348052979, 0.539505005, 6.61611557e-006, -0.866074383, -9.58364308e-006, -0.499915063, 0.499915063, 1.12137068e-005, -0.866074383, 1.39060494e-005, -1, -4.92089475e-006)
o16.Part0 = o14
o16.Part1 = o62
o17.Parent = o1
o17.Material = Enum.Material.SmoothPlastic
o17.BrickColor = BrickColor.new("Really black")
o17.Position = Vector3.new(-23.2635174, 42.9455719, 50.8664246)
o17.Rotation = Vector3.new(178.998108, -90, 0)
o17.Size = Vector3.new(0.75, 0.200000003, 0.75)
o17.CFrame = CFrame.new(-23.2635174, 42.9455719, 50.8664246, -3.25203e-005, 7.78468529e-005, -1, -0.0174852572, -0.999847174, -7.72663261e-005, -0.999847174, 0.0174852572, 3.38765021e-005)
o17.BackSurface = Enum.SurfaceType.SmoothNoOutlines
o17.BottomSurface = Enum.SurfaceType.SmoothNoOutlines
o17.FrontSurface = Enum.SurfaceType.SmoothNoOutlines
o17.LeftSurface = Enum.SurfaceType.SmoothNoOutlines
o17.RightSurface = Enum.SurfaceType.SmoothNoOutlines
o17.TopSurface = Enum.SurfaceType.SmoothNoOutlines
o17.Color = Color3.new(0.0666667, 0.0666667, 0.0666667)
o17.Position = Vector3.new(-23.2635174, 42.9455719, 50.8664246)
o18.Parent = o17
o18.Scale = Vector3.new(1.01999998, 1.01999998, 1.01999998)
o18.MeshType = Enum.MeshType.Brick
o19.Name = "Joint"
o19.Parent = o17
o19.C0 = CFrame.new(0.000394821167, 0.924816132, 9.39965248e-005, -1, -3.25203e-005, 9.74535942e-006, -9.74535942e-006, 7.78468529e-005, -1, 3.25195433e-005, -1, -7.78471658e-005)
o19.Part0 = o17
o19.Part1 = o62
o20.Parent = o1
o20.Material = Enum.Material.SmoothPlastic
o20.BrickColor = BrickColor.new("Really black")
o20.Position = Vector3.new(-23.2635384, 42.6350021, 51.4473877)
o20.Rotation = Vector3.new(178.998108, -90, 0)
o20.Size = Vector3.new(0.200000003, 0.5, 0.5)
o20.CFrame = CFrame.new(-23.2635384, 42.6350021, 51.4473877, -3.25203e-005, 7.78468529e-005, -1, -0.0174852572, -0.999847174, -7.72663261e-005, -0.999847174, 0.0174852572, 3.38765021e-005)
o20.BackSurface = Enum.SurfaceType.SmoothNoOutlines
o20.BottomSurface = Enum.SurfaceType.SmoothNoOutlines
o20.FrontSurface = Enum.SurfaceType.SmoothNoOutlines
o20.LeftSurface = Enum.SurfaceType.SmoothNoOutlines
o20.RightSurface = Enum.SurfaceType.SmoothNoOutlines
o20.TopSurface = Enum.SurfaceType.SmoothNoOutlines
o20.Color = Color3.new(0.0666667, 0.0666667, 0.0666667)
o20.Position = Vector3.new(-23.2635384, 42.6350021, 51.4473877)
o21.Parent = o20
o21.Scale = Vector3.new(1.01999998, 1.01999998, 1.04999995)
o21.MeshType = Enum.MeshType.Brick
o22.Name = "Joint"
o22.Parent = o20
o22.C0 = CFrame.new(0.575836182, 0.604137421, 3.02195549e-005, -1, -3.25203e-005, 9.74535942e-006, -9.74535942e-006, 7.78468529e-005, -1, 3.25195433e-005, -1, -7.78471658e-005)
o22.Part0 = o20
o22.Part1 = o62
o23.Parent = o1
o23.Material = Enum.Material.SmoothPlastic
o23.BrickColor = BrickColor.new("Really black")
o23.Position = Vector3.new(-23.2634678, 41.9757919, 51.7791214)
o23.Rotation = Vector3.new(-161.001175, -90, 0)
o23.Size = Vector3.new(0.200000003, 0.25, 0.200000003)
o23.CFrame = CFrame.new(-23.2634678, 41.9757919, 51.7791214, -3.96821742e-005, 3.91304311e-005, -1, 0.325548738, -0.945525229, -4.99173002e-005, -0.945525229, -0.325548738, 2.4781637e-005)
o23.BackSurface = Enum.SurfaceType.SmoothNoOutlines
o23.BottomSurface = Enum.SurfaceType.SmoothNoOutlines
o23.FrontSurface = Enum.SurfaceType.SmoothNoOutlines
o23.LeftSurface = Enum.SurfaceType.SmoothNoOutlines
o23.RightSurface = Enum.SurfaceType.SmoothNoOutlines
o23.TopSurface = Enum.SurfaceType.SmoothNoOutlines
o23.Color = Color3.new(0.0666667, 0.0666667, 0.0666667)
o23.Position = Vector3.new(-23.2634678, 41.9757919, 51.7791214)
o24.Parent = o23
o24.Scale = Vector3.new(1.01999998, 1.01999998, 0.5)
o24.MeshType = Enum.MeshType.Brick
o25.Name = "Joint"
o25.Parent = o23
o25.C0 = CFrame.new(0.86274147, 0.249351501, 4.73856926e-005, -0.939684987, -3.96821742e-005, 0.342040867, -0.342040867, 3.91304311e-005, -0.939684987, 2.39045403e-005, -1, -5.03432129e-005)
o25.Part0 = o23
o25.Part1 = o62
o26.Parent = o1
o26.Material = Enum.Material.SmoothPlastic
o26.BrickColor = BrickColor.new("Really black")
o26.Position = Vector3.new(-23.2635098, 42.5673676, 50.1311073)
o26.Rotation = Vector3.new(178.999039, 90, 0)
o26.Size = Vector3.new(0.200000003, 0.5, 0.200000003)
o26.CFrame = CFrame.new(-23.2635098, 42.5673676, 50.1311073, 3.25788897e-005, 3.15010293e-005, 1, 0.0174690466, -0.999847472, 3.09271018e-005, 0.999847472, 0.0174690466, -3.31242118e-005)
o26.BackSurface = Enum.SurfaceType.SmoothNoOutlines
o26.BottomSurface = Enum.SurfaceType.SmoothNoOutlines
o26.FrontSurface = Enum.SurfaceType.SmoothNoOutlines
o26.LeftSurface = Enum.SurfaceType.SmoothNoOutlines
o26.RightSurface = Enum.SurfaceType.SmoothNoOutlines
o26.TopSurface = Enum.SurfaceType.SmoothNoOutlines
o26.Color = Color3.new(0.0666667, 0.0666667, 0.0666667)
o26.Position = Vector3.new(-23.2635098, 42.5673676, 50.1311073)
o27.Parent = o26
o27.Scale = Vector3.new(1.01999998, 1.01999998, 0.5)
o27.MeshType = Enum.MeshType.Brick
o28.Name = "Joint"
o28.Parent = o26
o28.C0 = CFrame.new(0.74143219, 0.559516907, -7.23004341e-005, 1, 3.25788897e-005, -2.59578228e-005, -2.59578228e-005, 3.15010293e-005, -1, -3.25780711e-005, 1, 3.15018769e-005)
o28.Part0 = o26
o28.Part1 = o62
o29.Parent = o1
o29.Material = Enum.Material.SmoothPlastic
o29.BrickColor = BrickColor.new("Really black")
o29.Position = Vector3.new(-23.263525, 41.5243263, 50.2620277)
o29.Rotation = Vector3.new(143.998444, 90, 0)
o29.Size = Vector3.new(0.200000003, 0.800000012, 0.200000003)
o29.CFrame = CFrame.new(-23.263525, 41.5243263, 50.2620277, 1.65196052e-005, 2.78293974e-005, 1, 0.587807119, -0.809001148, 1.28036736e-005, 0.809001148, 0.587807119, -2.97226998e-005)
o29.BackSurface = Enum.SurfaceType.SmoothNoOutlines
o29.BottomSurface = Enum.SurfaceType.SmoothNoOutlines
o29.FrontSurface = Enum.SurfaceType.SmoothNoOutlines
o29.LeftSurface = Enum.SurfaceType.SmoothNoOutlines
o29.RightSurface = Enum.SurfaceType.SmoothNoOutlines
o29.TopSurface = Enum.SurfaceType.SmoothNoOutlines
o29.Color = Color3.new(0.0666667, 0.0666667, 0.0666667)
o29.Position = Vector3.new(-23.263525, 41.5243263, 50.2620277)
o30.Parent = o29
o30.Scale = Vector3.new(1.01999998, 1.01999998, 0.5)
o30.MeshType = Enum.MeshType.Brick
o31.Name = "Joint"
o31.Parent = o29
o31.C0 = CFrame.new(0.793605804, -0.0371780396, -2.66432762e-005, 0.819160998, 1.65196052e-005, 0.573563635, 0.573563635, 2.78293974e-005, -0.819160998, -2.94941492e-005, 1, 1.33217118e-005)
o31.Part0 = o29
o31.Part1 = o62
o32.Parent = o1
o32.Material = Enum.Material.SmoothPlastic
o32.BrickColor = BrickColor.new("Really black")
o32.Position = Vector3.new(-23.2636051, 42.3833504, 51.351902)
o32.Rotation = Vector3.new(159.001205, -90, 0)
o32.Size = Vector3.new(0.200000003, 0.450000018, 1)
o32.CFrame = CFrame.new(-23.2636051, 42.3833504, 51.351902, -2.35131483e-005, -1.07937717e-006, -1, -0.35834837, -0.933588028, 9.43359282e-006, -0.933588028, 0.35834837, 2.15647997e-005)
o32.BackSurface = Enum.SurfaceType.SmoothNoOutlines
o32.BottomSurface = Enum.SurfaceType.SmoothNoOutlines
o32.FrontSurface = Enum.SurfaceType.SmoothNoOutlines
o32.LeftSurface = Enum.SurfaceType.SmoothNoOutlines
o32.RightSurface = Enum.SurfaceType.SmoothNoOutlines
o32.TopSurface = Enum.SurfaceType.SmoothNoOutlines
o32.Color = Color3.new(0.0666667, 0.0666667, 0.0666667)
o32.Position = Vector3.new(-23.2636051, 42.3833504, 51.351902)
o33.Parent = o32
o33.Scale = Vector3.new(1.01999998, 1.01999998, 1.04999995)
o33.MeshType = Enum.MeshType.Brick
o34.Name = "Joint"
o34.Parent = o32
o34.C0 = CFrame.new(0.568393707, 0.170072556, -7.79628754e-005, -0.939714372, -2.35131483e-005, -0.3419604, 0.3419604, -1.07937717e-006, -0.939714372, 2.17265406e-005, -1, 9.05487195e-006)
o34.Part0 = o32
o34.Part1 = o62
o35.Parent = o1
o35.Material = Enum.Material.SmoothPlastic
o35.BrickColor = BrickColor.new("Really black")
o35.Position = Vector3.new(-23.2634563, 42.6149406, 50.2896194)
o35.Rotation = Vector3.new(178.999039, 90, 0)
o35.Size = Vector3.new(0.200000003, 0.5, 0.5)
o35.CFrame = CFrame.new(-23.2634563, 42.6149406, 50.2896194, 3.25788897e-005, 3.15010293e-005, 1, 0.0174690466, -0.999847472, 3.09271018e-005, 0.999847472, 0.0174690466, -3.31242118e-005)
o35.BackSurface = Enum.SurfaceType.SmoothNoOutlines
o35.BottomSurface = Enum.SurfaceType.SmoothNoOutlines
o35.FrontSurface = Enum.SurfaceType.SmoothNoOutlines
o35.LeftSurface = Enum.SurfaceType.SmoothNoOutlines
o35.RightSurface = Enum.SurfaceType.SmoothNoOutlines
o35.TopSurface = Enum.SurfaceType.SmoothNoOutlines
o35.Color = Color3.new(0.0666667, 0.0666667, 0.0666667)
o35.Position = Vector3.new(-23.2634563, 42.6149406, 50.2896194)
o36.Parent = o35
o36.Scale = Vector3.new(1.01999998, 1.01999998, 1.04999995)
o36.MeshType = Enum.MeshType.Brick
o37.Name = "Joint"
o37.Parent = o35
o37.C0 = CFrame.new(0.582113266, 0.604312897, -0.000121176243, 1, 3.25788897e-005, -2.59578228e-005, -2.59578228e-005, 3.15010293e-005, -1, -3.25780711e-005, 1, 3.15018769e-005)
o37.Part0 = o35
o37.Part1 = o62
o38.Parent = o1
o38.Material = Enum.Material.Neon
o38.BrickColor = BrickColor.new(Color)
o38.Position = Vector3.new(-23.263504, 42.5994148, 50.8993721)
o38.Rotation = Vector3.new(168.999802, -90, 0)
o38.Size = Vector3.new(0.25, 0.200000003, 1)
o38.CFrame = CFrame.new(-23.263504, 42.5994148, 50.8993721, -2.81489702e-005, 4.55080772e-005, -1, -0.190812439, -0.98162657, -3.93007649e-005, -0.98162657, 0.190812439, 3.63152867e-005)
o38.BackSurface = Enum.SurfaceType.SmoothNoOutlines
o38.BottomSurface = Enum.SurfaceType.SmoothNoOutlines
o38.FrontSurface = Enum.SurfaceType.SmoothNoOutlines
o38.LeftSurface = Enum.SurfaceType.SmoothNoOutlines
o38.RightSurface = Enum.SurfaceType.SmoothNoOutlines
o38.TopSurface = Enum.SurfaceType.SmoothNoOutlines
o38.Color = Color3.new(0.239216, 0.0823529, 0.521569)
o38.Position = Vector3.new(-23.263504, 42.5994148, 50.8993721)
o39.Parent = o38
o39.Scale = Vector3.new(1.03999996, 0.5, 1.03999996)
o39.MeshType = Enum.MeshType.Brick
o40.Name = "Joint"
o40.Parent = o38
o40.C0 = CFrame.new(0.127243042, 0.564620972, 5.90085983e-005, -0.984814525, -2.81489702e-005, -0.173609674, 0.173609674, 4.55080772e-005, -0.984814525, 3.56221608e-005, -1, -3.99300843e-005)
o40.Part0 = o38
o40.Part1 = o62
o41.Parent = o1
o41.Material = Enum.Material.SmoothPlastic
o41.BrickColor = BrickColor.new("Really black")
o41.Position = Vector3.new(-23.2634964, 42.5932083, 51.6231728)
o41.Rotation = Vector3.new(178.998108, -90, 0)
o41.Size = Vector3.new(0.200000003, 0.5, 0.200000003)
o41.CFrame = CFrame.new(-23.2634964, 42.5932083, 51.6231728, -3.25203e-005, 7.78468529e-005, -1, -0.0174852572, -0.999847174, -7.72663261e-005, -0.999847174, 0.0174852572, 3.38765021e-005)
o41.BackSurface = Enum.SurfaceType.SmoothNoOutlines
o41.BottomSurface = Enum.SurfaceType.SmoothNoOutlines
o41.FrontSurface = Enum.SurfaceType.SmoothNoOutlines
o41.LeftSurface = Enum.SurfaceType.SmoothNoOutlines
o41.RightSurface = Enum.SurfaceType.SmoothNoOutlines
o41.TopSurface = Enum.SurfaceType.SmoothNoOutlines
o41.Color = Color3.new(0.0666667, 0.0666667, 0.0666667)
o41.Position = Vector3.new(-23.2634964, 42.5932083, 51.6231728)
o42.Parent = o41
o42.Scale = Vector3.new(1.01999998, 1.01999998, 0.5)
o42.MeshType = Enum.MeshType.Brick
o43.Name = "Joint"
o43.Parent = o41
o43.C0 = CFrame.new(0.750865936, 0.559276581, 6.35385513e-005, -1, -3.25203e-005, 9.74535942e-006, -9.74535942e-006, 7.78468529e-005, -1, 3.25195433e-005, -1, -7.78471658e-005)
o43.Part0 = o41
o43.Part1 = o62
o44.Parent = o1
o44.Material = Enum.Material.SmoothPlastic
o44.BrickColor = BrickColor.new("Really black")
o44.Position = Vector3.new(-23.2636471, 42.5204964, 50.8737259)
o44.Rotation = Vector3.new(178.998108, -90, 0)
o44.Size = Vector3.new(1, 1, 1)
o44.CFrame = CFrame.new(-23.2636471, 42.5204964, 50.8737259, -3.25203e-005, 7.78468529e-005, -1, -0.0174852572, -0.999847174, -7.72663261e-005, -0.999847174, 0.0174852572, 3.38765021e-005)
o44.BackSurface = Enum.SurfaceType.SmoothNoOutlines
o44.BottomSurface = Enum.SurfaceType.SmoothNoOutlines
o44.FrontSurface = Enum.SurfaceType.SmoothNoOutlines
o44.LeftSurface = Enum.SurfaceType.SmoothNoOutlines
o44.RightSurface = Enum.SurfaceType.SmoothNoOutlines
o44.TopSurface = Enum.SurfaceType.SmoothNoOutlines
o44.Color = Color3.new(0.0666667, 0.0666667, 0.0666667)
o44.Position = Vector3.new(-23.2636471, 42.5204964, 50.8737259)
o45.Parent = o44
o45.Scale = Vector3.new(1.01999998, 1.01999998, 1.01999998)
o45.MeshType = Enum.MeshType.Brick
o46.Name = "Joint"
o46.Parent = o44
o46.C0 = CFrame.new(0.000261306763, 0.499679565, -6.71744347e-005, -1, -3.25203e-005, 9.74535942e-006, -9.74535942e-006, 7.78468529e-005, -1, 3.25195433e-005, -1, -7.78471658e-005)
o46.Part0 = o44
o46.Part1 = o62
o47.Parent = o1
o47.Material = Enum.Material.SmoothPlastic
o47.BrickColor = BrickColor.new("Really black")
o47.Position = Vector3.new(-23.2634411, 42.7946434, 50.2559624)
o47.Rotation = Vector3.new(173.995239, 90, 0)
o47.Size = Vector3.new(0.200000003, 0.5, 0.5)
o47.CFrame = CFrame.new(-23.2634411, 42.7946434, 50.2559624, 3.04488858e-005, -3.5903664e-005, 1, 0.104611248, -0.994513214, -3.88919616e-005, 0.994513214, 0.104611248, -2.65258932e-005)
o47.BackSurface = Enum.SurfaceType.SmoothNoOutlines
o47.BottomSurface = Enum.SurfaceType.SmoothNoOutlines
o47.FrontSurface = Enum.SurfaceType.SmoothNoOutlines
o47.LeftSurface = Enum.SurfaceType.SmoothNoOutlines
o47.RightSurface = Enum.SurfaceType.SmoothNoOutlines
o47.TopSurface = Enum.SurfaceType.SmoothNoOutlines
o47.Color = Color3.new(0.0666667, 0.0666667, 0.0666667)
o47.Position = Vector3.new(-23.2634411, 42.7946434, 50.2559624)
o48.Parent = o47
o48.Scale = Vector3.new(1.01999998, 1.01999998, 1.04999995)
o48.MeshType = Enum.MeshType.Brick
o49.Name = "Joint"
o49.Parent = o47
o49.C0 = CFrame.new(0.541858673, 0.835021973, -8.47578049e-005, 0.996191144, 3.04488858e-005, 0.0871962309, 0.0871962309, -3.5903664e-005, -0.996191144, -2.72022462e-005, 1, -3.84219384e-005)
o49.Part0 = o47
o49.Part1 = o62
o50.Parent = o1
o50.Material = Enum.Material.SmoothPlastic
o50.BrickColor = BrickColor.new("Really black")
o50.Position = Vector3.new(-23.9326096, 43.1452713, 50.8626938)
o50.Rotation = Vector3.new(88.9874649, 85.0000916, -89.9860382)
o50.Size = Vector3.new(0.200000003, 0.449999988, 0.200000003)
o50.CFrame = CFrame.new(-23.9326096, 43.1452713, 50.8626938, 2.12452269e-005, 0.0871550962, 0.996194839, -0.0174284335, 0.996043622, -0.0871414989, -0.999848306, -0.0173602831, 0.00154013559)
o50.BackSurface = Enum.SurfaceType.SmoothNoOutlines
o50.BottomSurface = Enum.SurfaceType.SmoothNoOutlines
o50.FrontSurface = Enum.SurfaceType.SmoothNoOutlines
o50.LeftSurface = Enum.SurfaceType.SmoothNoOutlines
o50.RightSurface = Enum.SurfaceType.SmoothNoOutlines
o50.TopSurface = Enum.SurfaceType.SmoothNoOutlines
o50.Color = Color3.new(0.0666667, 0.0666667, 0.0666667)
o50.Position = Vector3.new(-23.9326096, 43.1452713, 50.8626938)
o51.Parent = o50
o51.Scale = Vector3.new(0.5, 1, 0.200000003)
o51.MeshType = Enum.MeshType.Wedge
o52.Name = "Joint"
o52.Parent = o50
o52.C0 = CFrame.new(0.000104904175, -1.06195831, 0.76453352, -1.00000012, 2.12452269e-005, 6.65783882e-005, 6.81579113e-005, 0.0871550962, 0.996194839, 1.53593719e-005, 0.996194839, -0.0871551037)
o52.Part0 = o50
o52.Part1 = o62
o53.Parent = o1
o53.Material = Enum.Material.SmoothPlastic
o53.BrickColor = BrickColor.new("Really black")
o53.Position = Vector3.new(-23.2636929, 42.1042938, 51.3806763)
o53.Rotation = Vector3.new(-155.998672, -90, 0)
o53.Size = Vector3.new(0.200000003, 0.300000012, 1)
o53.CFrame = CFrame.new(-23.2636929, 42.1042938, 51.3806763, -4.10592256e-005, -1.88125086e-005, -1, 0.406757951, -0.913536012, 4.84734073e-007, -0.913536012, -0.406757951, 4.51612214e-005)
o53.BackSurface = Enum.SurfaceType.SmoothNoOutlines
o53.BottomSurface = Enum.SurfaceType.SmoothNoOutlines
o53.FrontSurface = Enum.SurfaceType.SmoothNoOutlines
o53.LeftSurface = Enum.SurfaceType.SmoothNoOutlines
o53.RightSurface = Enum.SurfaceType.SmoothNoOutlines
o53.TopSurface = Enum.SurfaceType.SmoothNoOutlines
o53.Color = Color3.new(0.0666667, 0.0666667, 0.0666667)
o53.Position = Vector3.new(-23.2636929, 42.1042938, 51.3806763)
o54.Parent = o53
o54.Scale = Vector3.new(1.01999998, 1.01999998, 1.04999995)
o54.MeshType = Enum.MeshType.Brick
o55.Name = "Joint"
o55.Parent = o53
o55.C0 = CFrame.new(0.421449661, 0.278949738, -0.000176012516, -0.906279922, -4.10592256e-005, 0.422677994, -0.422677994, -1.88125086e-005, -0.906279922, 4.51627857e-005, -1, -3.05435606e-007)
o55.Part0 = o53
o55.Part1 = o62
o56.Parent = o1
o56.Material = Enum.Material.Neon
o56.BrickColor = BrickColor.new(Color)
o56.Position = Vector3.new(-23.2636318, 42.1153641, 50.5805206)
o56.Rotation = Vector3.new(149.003174, -90, 0)
o56.Size = Vector3.new(0.5, 0.200000003, 1)
o56.CFrame = CFrame.new(-23.2636318, 42.1153641, 50.5805206, -9.58364308e-006, 1.12137068e-005, -1, -0.514990509, -0.857195854, -4.6768555e-006, -0.857195854, 0.514990509, 1.3990013e-005)
o56.BackSurface = Enum.SurfaceType.SmoothNoOutlines
o56.BottomSurface = Enum.SurfaceType.SmoothNoOutlines
o56.FrontSurface = Enum.SurfaceType.SmoothNoOutlines
o56.LeftSurface = Enum.SurfaceType.SmoothNoOutlines
o56.RightSurface = Enum.SurfaceType.SmoothNoOutlines
o56.TopSurface = Enum.SurfaceType.SmoothNoOutlines
o56.Color = Color3.new(0.239216, 0.0823529, 0.521569)
o56.Position = Vector3.new(-23.2636318, 42.1153641, 50.5805206)
o57.Parent = o56
o57.Scale = Vector3.new(1.03999996, 0.5, 1.03999996)
o57.MeshType = Enum.MeshType.Brick
o58.Name = "Joint"
o58.Parent = o56
o58.C0 = CFrame.new(-0.209945679, 0.236347198, -8.73208046e-005, -0.866074383, -9.58364308e-006, -0.499915063, 0.499915063, 1.12137068e-005, -0.866074383, 1.39060494e-005, -1, -4.92089475e-006)
o58.Part0 = o56
o58.Part1 = o62
o59.Parent = o1
o59.Material = Enum.Material.SmoothPlastic
o59.BrickColor = BrickColor.new("Really black")
o59.Position = Vector3.new(-23.263567, 42.8268166, 51.5441017)
o59.Rotation = Vector3.new(168.999802, -90, 0)
o59.Size = Vector3.new(0.200000003, 0.5, 0.5)
o59.CFrame = CFrame.new(-23.263567, 42.8268166, 51.5441017, -2.81489702e-005, 4.55080772e-005, -1, -0.190812439, -0.98162657, -3.93007649e-005, -0.98162657, 0.190812439, 3.63152867e-005)
o59.BackSurface = Enum.SurfaceType.SmoothNoOutlines
o59.BottomSurface = Enum.SurfaceType.SmoothNoOutlines
o59.FrontSurface = Enum.SurfaceType.SmoothNoOutlines
o59.LeftSurface = Enum.SurfaceType.SmoothNoOutlines
o59.RightSurface = Enum.SurfaceType.SmoothNoOutlines
o59.TopSurface = Enum.SurfaceType.SmoothNoOutlines
o59.Color = Color3.new(0.0666667, 0.0666667, 0.0666667)
o59.Position = Vector3.new(-23.263567, 42.8268166, 51.5441017)
o60.Parent = o59
o60.Scale = Vector3.new(1.01999998, 1.01999998, 1.04999995)
o60.MeshType = Enum.MeshType.Brick
o61.Name = "Joint"
o61.Parent = o59
o61.C0 = CFrame.new(0.803520203, 0.664821625, -1.94907188e-005, -0.984814525, -2.81489702e-005, -0.173609674, 0.173609674, 4.55080772e-005, -0.984814525, 3.56221608e-005, -1, -3.99300843e-005)
o61.Part0 = o59
o61.Part1 = o62
o62.Name = "Handle"
o62.Parent = o1
o62.Material = Enum.Material.SmoothPlastic
o62.BrickColor = BrickColor.new("Institutional white")
o62.Position = Vector3.new(-23.2635403, 42.0208893, 50.8822021)
o62.Rotation = Vector3.new(-91.0024414, 0, -90)
o62.Size = Vector3.new(1, 1, 2)
o62.CFrame = CFrame.new(-23.2635403, 42.0208893, 50.8822021, 0, 1, 0, 0.0174950007, 0, 0.999846995, 0.999846995, 0, -0.0174950007)
o62.BackSurface = Enum.SurfaceType.SmoothNoOutlines
o62.BottomSurface = Enum.SurfaceType.SmoothNoOutlines
o62.FrontSurface = Enum.SurfaceType.SmoothNoOutlines
o62.LeftSurface = Enum.SurfaceType.SmoothNoOutlines
o62.RightSurface = Enum.SurfaceType.SmoothNoOutlines
o62.TopSurface = Enum.SurfaceType.SmoothNoOutlines
o62.Color = Color3.new(0.972549, 0.972549, 0.972549)
o62.Position = Vector3.new(-23.2635403, 42.0208893, 50.8822021)
o63.Parent = o62
o63.MeshId = "rbxasset://fonts/torso.mesh"
o63.Scale = Vector3.new(0.5, 0.5, 2)
o63.MeshType = Enum.MeshType.FileMesh
o64.Parent = o1
o64.Material = Enum.Material.SmoothPlastic
o64.BrickColor = BrickColor.new("Really black")
o64.Position = Vector3.new(-23.2635918, 41.220623, 50.8963127)
o64.Rotation = Vector3.new(178.998108, -90, 0)
o64.Size = Vector3.new(1, 0.200000003, 1)
o64.CFrame = CFrame.new(-23.2635918, 41.220623, 50.8963127, -3.25203e-005, 7.78468529e-005, -1, -0.0174852572, -0.999847174, -7.72663261e-005, -0.999847174, 0.0174852572, 3.38765021e-005)
o64.BackSurface = Enum.SurfaceType.SmoothNoOutlines
o64.BottomSurface = Enum.SurfaceType.SmoothNoOutlines
o64.FrontSurface = Enum.SurfaceType.SmoothNoOutlines
o64.LeftSurface = Enum.SurfaceType.SmoothNoOutlines
o64.RightSurface = Enum.SurfaceType.SmoothNoOutlines
o64.TopSurface = Enum.SurfaceType.SmoothNoOutlines
o64.Color = Color3.new(0.0666667, 0.0666667, 0.0666667)
o64.Position = Vector3.new(-23.2635918, 41.220623, 50.8963127)
o65.Parent = o64
o65.Scale = Vector3.new(1.01999998, 1.01999998, 1.01999998)
o65.MeshType = Enum.MeshType.Brick
o66.Name = "Joint"
o66.Parent = o64
o66.C0 = CFrame.new(0.000116348267, -0.800392151, -0.000113606453, -1, -3.25203e-005, 9.74535942e-006, -9.74535942e-006, 7.78468529e-005, -1, 3.25195433e-005, -1, -7.78471658e-005)
o66.Part0 = o64
o66.Part1 = o62
o67.Parent = o1
o67.Material = Enum.Material.SmoothPlastic
o67.BrickColor = BrickColor.new("Really black")
o67.Position = Vector3.new(-23.2636127, 42.8031693, 50.1860085)
